106
113
115
116
117
125
128
129
132
143
149
150
165
166
173
184
213
215
220
222
223
227
233
61
79
242
355
232
386
387
434
479
480
487
498
509
510
511
513
514
515
516
520
522
523
524
525
526
527
528
529
530
531
533
534
537
538
539
540
541
545
548
561
562
567
572
573
579
587
590
609
615
619
620
296
649
651
659
660
667
668
669
673
676
679
680
686
689
691
693
694
695
698
699
700
702
703
708
709
713
718
720
721
722
723
726
727
728
730
732
734
736
850
858
862
44
964
978
980
1030
1093
1095
1103
1121
1402
1403
1481
1534
1535
1538
1539
1543
1552
1553
1556
1559
1567
1568
1569
1576
1579
1580
1581
1585
1586
1587
1588
1589
1592
1595
1600
1601
1607
1612
1634
1642
1655
1660
1661
1675
1727
1728
1729
1732
1739
1740
1741
1742
1743
1745
1748
1755
1758
1762
1770
1780
375
394
1813
1815
1834
1859
1865
1870
1872
1873
1875
1876
1878
1879
1880
1881
2067
2070
2222
2227
2232
2233
2237
2250
2252
2256
2257
2258
2259
2262
2270
2285
2287
2288
2289
2291
2293
2297
2299
2306
2307
2308
1079
2318
2319
2321
2328
2329
2335
2340
2347
2351
2363
2369
2373
2381
2382
2383
2385
2393
2401
2402
2405
2408
2409
2410
2414
2420
2426
2427
2429
2433
2434
2435
2437
2438
2439
2449
2451
2573
1070
2587
2628
2716
1094
1101
1102
1594
2105
2125
2167
224
2736
2741
2746
2749
2750
2752
2753
2757
2761
2766
2771
2772
2775
2784
2785
2792
2795
2797
2804
2807
2809
2810
2811
2813
2815
2816
2817
2821
2823
2828
2829
2831
1048
2111
2128
2842
2851
2904
2918
2922
2930
2939
2940
2944
2963
2970
2973
2977
2978
2981
2994
2997
3002
3003
3004
3006
3008
3011
3012
3013
3018
3019
3021
3035
3036
3037
3069
3170
3191
3192
3193
3197
3202
3205
3208
3221
3229
3231
3233
3242
3243
3255
3257
3265
3374
3394
3395
3396
3397
3399
3400
3401
3409
3415
3416
3422
3425
3426
3427
3428
3431
3433
3439
3440
3442
3452
3453
3456
3457
1083
2135
2139
2183
2211
2212
2422
2448
2463
2676
2756
2774
3512
3529
3534
3537
3546
3548
3557
3562
3563
3564
3565
3566
3567
3568
3569
3571
3572
3573
3576
3577
3578
3585
3586
3587
3588
3589
3590
3594
3597
3598
3599
3602
3604
3606
3607
3614
3615
3617
3621
3622
3624
3625
3630
389
517
1874
2679
2683
2685
382
3855
3857
3858
3861
3862
3863
3873
3877
3879
3888
3892
3893
3895
3897
3898
3899
3902
3903
3904
3906
3908
3909
3911
3913
3915
3916
3917
3918
3921
3922
3924
3971
3975
3976
3981
3986
3995
3996
3999
4008
2682
4027
4036
4037
4038
4039
4041
4046
4047
4048
4050
4051
4054
1193
3236
3601
376
4059
4066
4068
4069
4071
4072
4074
4079
4080
4082
4083
4084
4088
4089
4090
4152
4153
4155
4157
4158
4159
4160
4161
4202
4203
4230
4254
4271
4275
4305
4322
4324
4338
4360
4366
4367
4371
4372
4373
4375
4380
4381
4386
4387
4451
4452
4456
4465
4467
4473
1744
2210
2826
384
391
4734
4899
4940
4959
4982
5000
5091
5200
5274
5294
5299
5306
5315
5321
5425
5426
5436
5437
5480
5481
5497
1074
1109
1564
1821
1877
2164
2192
2680
3391
3462
374
377
380
3939
4201
5500
5514
5517
5520
5525
5526
5527
5538
5540
5558
5590
5603
5618
5619
5624
5625
5628
5629
5630
5631
5633
5634
5637
5638
5639
5642
5643
5646
5647
5649
5655
5660
5661
5665
5667
5668
5669
5673
5674
5677
5678
5681
5737
5741
5742
5745
5746
5751
5752
5754
5764
5766
5774
5777
5786
5792
5795
5800
5807
5808
5809
5810
5813
5817
5818
5823
5825
5830
5831
5834
5835
5836
5837
5838
5839
5842
5843
5844
5846
5849
5851
5856
5857
5862
5864
5871
5873
5874
5875
5877
5878
5879
5880
5881
672
886
5920
5921
5923
5925
5926
879
1066
1214
2200
2684
3896
3905
3912
3919
5940
5961
5962
5963
5969
5972
5979
5984
5985
5988
5993
5994
5995
5999
6018
6032
6039
6041
6055
6060
6064
6068
6076
6082
6085
6087
6088
6103
6106
6114
6115
6116
6120
6121
6128
6131
6150
6155
6158
6160
6162
716
2114
2115
2120
2155
2217
2841
2951
6338
6351
6352
6356
6357
6359
6360
6365
6368
6370
6371
6372
6374
6376
6414
6417
6418
2205
363
6448
6474
6493
6501
6507
6509
6510
6512
6515
6517
6518
6519
6520
6525
6526
6527
6528
6530
2457
6576
6589
6594
1082
6009
6147
6612
6614
6618
6619
6624
6625
6628
6629
6630
6632
6640
6643
6646
6648
6649
6650
6652
6653
6654
6657
6658
6660
6661
6662
6667
6670
6672
6673
6674
6677
6678
6679
6681
6682
6716
6717
6721
1105
3486
3490
5428
6735
6736
6754
6764
6769
6864
6866
6867
6870
6873
6884
6889
6892
6893
6894
6897
6902
6907
7101
2176
2396
4005
4035
5097
5150
7225
7274
7277
7279
7281
7284
7285
7290
7291
7293
7300
7310
7314
7332
7347
7351
7352
7385
7386
7394
7406
7407
7409
7410
7423
7430
7431
7434
7449
7451
7460
7468
7498
7501
7510
7514
7515
7530
7543
7547
7548
7555
7557
7559
7560
7563
7581
7582
7586
7590
7594
7600
1104
2123
393
5433
634
638
7663
7679
7690
7718
7731
7734
7735
7744
7753
7755
7767
7782
7787
7790
7810
7811
7812
3942
7831
7833
7836
7851
6065
7916
7917
7935
8041
8085
8088
8090
1573
2140
3715
4091
8199
8277
8290
8315
8316
8332
8334
8344
8349
8357
8373
8510
8511
8522
8532
8533
8539
8540
8542
8543
8546
8548
8549
8550
8551
8552
8553
8554
8560
8561
8563
361
8604
8619
8662
8669
8673
8679
8695
8710
8713
8714
8716
8717
8718
8719
8726
8744
8765
8776
8777
8808
8812
8889
8901
8981
1871
2423
2800
3405
9231
9243
9251
9254
9260
9267
9269
9277
9321
9379
9386
9390
9393
9396
9400
9402
9404
9407
9410
9411
9412
9413
9414
7583
9484
9490
9501
9511
9607
9614
9630
9631
1038
9694
9699
9706
9708
9712
9740
10044
10129
10133
10134
10135
10143
10204
8537
9771
9803
9846
10256
10259
10260
10261
10268
10270
10306
10311
10313
10314
10319
10320
10324
10328
10332
10333
10335
10339
10340
10346
10357
10359
10360
10362
10363
10367
10368
10371
10372
10373
10374
1098
1125
5440
10396
10397
10451
10456
10601
10671
2456
6154
9447
10739
10743
10880
10883
10957
10971
10979
10983
10984
10992
11001
11038
11058
11062
9089
11196
11197
11207
11208
11209
11228
11231
11237
11240
2820
5942
11303
11315
11337
11341
11343
5943
11349
11353
11357
11363
2216
10504
11406
11436
11440
11441
11443
11478
11493
11527
11543
3477
6561
10223
11573
11589
11641
11645
11646
11662
11663
11664
11669
11671
11673
11675
11676
11684
11685
11715
11762
11764
11780
11781
2458
2578
11165
11817
11818
11821
11825
11869
10484
11550
11899
11909
11916
11918
11919
11928
11933
11934
11936
7219
1062
12058
12076
5914
6141
1023
12113
12114
12180
12188
12190
12197
12222
12223
12234
12242
12243
11025
12316
12337
12339
12341
12356
11170
11171
1203
12401
12436
12446
12447
12449
12450
12456
370
11179
11180
11181
1181
12497
12509
12536
12539
12540
12541
12542
12551
12553
12574
12575
12576
12600
12603
2454
3574
6645
12108
12171
12620
12644
12647
12650
12652
12655
12670
12675
12677
12692
3616
9139
11558
1200
12717
12719
12721
12726
12754
12769
12777
12780
12781
12782
12789
12799
12801
12820
12825
12826
5620
7203
10293
11158
11551
1172
12850
12854
12855
12863
12891
12894
12895
12899
12901
12903
12933
12936
12946
6565
7825
1041
13001
13006
13018
13019
13022
13024
13033
13071
13086
13088
13090
13091
13092
13093
13110
13117
13129
13131
13147
13160
13164
13165
13167
13168
13174
13175
13185
1328
5626
13395
13017
13433
13436
13495
13514
13538
1100
11028
11156
12283
13703
13707
13710
13720
13721
13726
13734
13735
13742
13744
13750
13758
13760
13762
13763
13764
13768
13770
13774
2156
3491
508
5916
1032
12262
12952
13886
13902
13906
13908
13918
13936
13942
13945
13961
13975
13979
13989
14009
14017
14018
14020
14021
14024
14025
14027
14031
11365
14058
14062
14076
14096
14113
14114
10137
104
1106
12965
12986
14144
14150
14179
14181
14191
14193
14198
14199
14215
14216
14217
14222
14226
14254
14257
14283
14307
14309
14318
14329
14334
2671
2794
5939
9198
10617
10978
11185
12284
12938
13184
14192
14426
14552
14559
14563
14577
14619
14633
14653
14655
14669
14702
14752
14753
14756
14797
14806
14817
14820
14823
14846
14853
14893
14900
14903
14904
14908
14911
14914
14925
14926
14927
14931
14935
14936
14938
14939
14940
14942
14952
14956
14957
15001
15002
1754
5430
690
8142
8577
11183
11270
11276
15060
15066
15069
15083
15085
15086
15088
15090
15105
15110
15112
15113
15121
15128
15136
15140
15197
15198
15201
15205
3476
9103
9143
9433
15360
15362
15373
15398
15436
15496
15501
15504
15506
9808
12089
15527
15584
15589
15595
15606
15642
15707
15736
11154
15778
15785
15801
5666
1015
10369
1113
13437
14109
15536
1557
1584
16242
16252
16277
16286
16289
16291
16299
16302
16308
16309
16310
16311
16312
16315
16317
16319
16322
16323
16324
16325
16328
16331
16350
16352
16354
16360
16375
16377
16379
16380
16386
16388
16395
16398
2215
3017
390
12989
14019
16472
16473
16480
16570
16575
16578
16660
3479
16713
16722
16724
16728
16731
16736
16746
378
12818
17082
17242
17253
2419
2581
6588
9438
9440
14190
17480
17499
17500
17520
17522
17526
17528
17537
17552
17561
17563
17564
2294
6107
6109
6142
8038
17574
17585
11386
15378
17667
17696
3398
17800
17816
17832
17886
17925
17973
17987
18009
18115
656
7611
9202
12538
18146
18149
18153
18157
18162
18164
18171
3592
13743
13746
18203
18408
18409
10102
10670
10961
14023
14966
14971
16895
17038
17517
18532
18543
18552
18560
18567
18568
18580
18582
18583
18587
18588
18589
18590
18594
18606
18607
18611
18613
18616
18619
18625
18626
18630
18631
18632
2091
2296
3493
3575
3591
3596
4070
6148
6339
14308
18725
3290
9114
9146
9510
18743
10345
11230
13226
14134
14585
16173
18663
18992
19019
19032
19046
19056
19060
19097
19100
19132
19133
19138
19140
19155
19175
19179
368
6569
7863
15679
15681
19180
19249
19256
19257
19360
14907
16842
19409
19410
19429
19478
11805
1199
12281
13156
1471
19532
19546
19620
19625
19626
19638
19647
19650
2759
16583
19662
19678
19679
19680
19681
19684
19697
19698
19705
19709
19715
19716
19717
19725
19740
19742
19743
3408
5478
6707
19799
12075
16557
19840
19851
19852
19853
19854
12937
14562
14625
14675
15964
17418
17524
20038
20108
20109
20127
20216
20229
20380
20455
20457
20458
2677
3584
4934
6093
1078
1126
1167
12147
13727
14595
16029
17054
19988
20474
20490
20600
20610
20619
20625
20626
20628
20630
20644
20646
20651
20664
20666
20668
20677
20681
20682
20685
20697
2085
2121
2290
2421
1058
20739
11987
19954
20803
20900
21046
21067
21069
15687
21083
21098
21099
21111
21118
21121
16859
20808
21070
21125
21138
21139
21149
21151
21177
21179
21180
16172
21231
5951
9420
21599
21606
21612
21614
19989
21711
21716
21729
1024
12987
16903
21860
21871
21872
21874
21875
21876
14132
21979
359
12543
21988
3010
11153
11542
18542
22026
22027
22029
22032
22034
22035
22052
22055
22110
7792
1836
21839
16847
17040
22352
22357
22360
22361
22362
22366
22442
22452
22453
22454
3945
6176
15670
21773
22638
22639
7612
19830
14324
16831
16881
17516
17707
22936
23010
23032
6151
8909
11184
12628
12658
23668
23678
23719
23721
23726
23729
23730
23733
23734
23746
6168
10136
11835
13363
13988
14320
16142
21801
2295
23759
23763
23774
23778
23779
23786
23263
1031
1257
12972
15387
15680
1590
15995
15999
16001
19022
19950
19952
22718
23274
23285
23294
23304
24137
24149
24156
24158
24159
24165
24190
24191
24193
24199
24226
24232
24234
24239
24247
24250
24257
24311
24316
24321
24339
24378
24386
24387
2936
6017
6354
14816
18612
24447
24460
24567
24568
24592
24597
24609
5945
11342
14315
16146
18575
19057
21873
2298
23203
2431
24707
24712
24717
24720
24727
24754
24756
24766
24767
24768
24770
3438
3692
24813
24827
11022
12346
14227
23309
24915
24960
24975
24976
7826
17419
25087
6135
14279
14319
14943
18673
22712
23623
23625
25194
25292
25349
25416
25444
25457
25459
2675
3436
9843
25648
1114
11157
14314
20011
25141
25683
25695
25704
25709
25737
25747
3593
8683
13976
6898
1088
25811
25834
25839
25846
25857
25859
25867
25872
25920
25945
25960
12296
26020
26038
1132
16930
22713
5944
6927
1156
22772
26105
26109
26128
26336
11018
14912
22744
26019
26433
26442
26445
26465
19807
15690
1061
11560
14306
14944
18907
19470
2144
21943
22717
22802
24403
25153
26508
26612
26621
26629
26652
26701
26810
26966
26985
26993
27062
27065
714
951
1107
13188
14157
16880
21071
27095
27096
27126
27127
27136
6568
8678
22871
27158
5967
6592
14127
19402
3570
9153
16798
27601
8630
17037
2260
28007
28008
28009
28015
724
19105
28366
11387
12929
14468
19949
28806
28807
28808
28809
28819
28826
28827
28831
28844
28881
28883
28916
28917
28920
28943
25154
29066
29195
29212
3694
16064
2198
25150
29225
29235
29239
29242
29251
29264
29295
29297
3704
5806
9104
9128
12054
14298
14981
16136
16848
17035
17053
2214
29338
29388
29390
29394
29405
29406
29408
29415
29418
29419
29444
29600
29609
29615
8703
11344
1198
30064
5915
1081
14313
16078
21719
21721
21724
2425
25079
25726
30100
30115
30151
30193
30214
30216
30220
30229
30239
30240
30269
5917
6143
6178
7195
18668
30398
30399
30406
2735
30421
14941
18114
18577
27063
30616
30697
30783
30785
30790
30824
3709
1153
2151
25082
27500
13967
14033
15408
31152
31253
18657
31268
31289
31317
31321
3494
31345
2976
1035
10471
1116
19932
20006
28340
31403
31428
31434
31450
31456
31466
10881
14923
17716
28281
28339
31602
31614
31633
4073
4087
27078
31725
31733
25734
31770
31780
31782
3523
11286
16866
16907
31850
31858
31864
31865
31866
31869
31872
31878
31885
21723
23179
23776
13987
23033
24685
32426
32556
32557
27354
32599
24367
32673
6156
14290
2191
23598
25731
32724
32740
32746
32762
3460
1096
11369
12340
13978
14804
23277
32985
32987
33071
33188
33215
33224
33225
33315
33318
33344
33349
33370
33373
6513
765
15123
33398
10657
33526
33757
33863
7580
33892
34160
22049
1003
10364
13021
16869
18666
20004
34357
34362
34376
34377
34392
34397
34401
34404
34415
34418
34428
34429
1108
24475
34503
34521
34540
34623
6900
1033
19936
34211
34811
34827
34833
34850
1006
35108
35111
35132
19994
35283
13213
14461
14954
15634
16995
17041
2170
22790
23258
23279
26078
35542
35581
35584
35585
35588
35591
35593
35595
35596
35597
731
8358
27219
35811
8340
16030
35869
35881
1196
18475
2153
2207
24187
35988
35989
35992
35996
35997
36004
36006
36008
1572
36129
35306
36236
36252
36253
36278
2143
2148
2160
2174
36329
36371
36391
36398
36432
15696
17044
2136
2137
36467
36470
36490
5652
7789
1072
12970
36655
36666
36832
7215
1073
1087
13737
23289
35628
36866
36885
36888
36890
36906
36907
36911
24469
34537
35678
36306
36919
36921
36922
5438
309
35691
35825
37048
37077
37080
37081
37114
37136
37144
3997
2935
35634
35643
35663
35682
37185
37207
37222
37235
37290
37293
19882
37494
37495
37541
12945
16120
18908
19911
22784
358
37499
37669
37671
37768
37771
37775
37776
37783
37800
379
13545
1029
23284
37079
37985
38027
38035
19878
37718
23604
3488
38417
10888
1117
12245
27288
30738
30739
35576
38597
38623
38678
38700
38711
38721
5090
13692
1838
20804
2145
2169
23638
24133
24162
24188
2942
38940
38941
38950
38953
38954
38956
38964
38993
38996
38997
39003
39039
2124
39178
39279
39280
39283
39296
39299
39305
35834
39362
12277
13005
19906
39385
39388
39394
39397
15676
17532
19901
24350
28014
32829
35627
35637
35639
35687
39524
39531
39536
39538
39570
39575
1115
13162
14990
16351
19951
20016
31642
35626
38310
39179
39611
39687
39718
6336
35669
39875
39921
39949
10508
11680
2119
23286
39990
40049
40068
40070
40086
40097
40116
1123
13163
2113
2126
35657
40146
40203
40222
40224
40241
5676
13166
17798
23269
28283
34223
38338
40295
40305
40385
40388
40407
12303
16191
3672
40575
9653
40620
35650
35660
40633
13218
2171
2173
2208
36383
38217
40739
40751
40832
10960
36399
41120
11809
24230
37047
41174
41216
41252
640
15665
16316
2132
23290
41266
41298
13355
19948
35120
36998
41521
41561
41566
41567
41568
41599
18667
41780
42047
2141
37428
42058
42123
42124
42126
42130
42170
42177
37097
39349
12967
16823
32976
42231
42232
42237
42239
42244
42248
42249
42250
42264
42265
42277
42279
17039
31255
42502
42505
42527
42529
2938
42251
42878
42882
16796
16282
16850
19926
36517
43021
43033
43041
43042
43043
43044
43046
43048
43052
43079
43090
43136
1135
11942
23175
4269
42698
43202
43276
43380
43403
43422
43461
1034
11905
23633
34825
364
40085
42697
43467
43473
43474
43476
43485
43487
43492
43493
43500
43502
43537
43540
43543
43552
43553
43557
43563
43568
1080
12183
21798
23170
38685
43599
43609
43651
43653
43654
6122
3619
38242
43768
17056
43771
43784
43789
43795
43801
3489
37220
43856
12665
14182
22115
43863
3268
43896
43899
43905
43907
43912
9149
43921
21065
40999
1090
372
44034
44038
44039
14232
6347
44079
12964
16432
21141
21142
33686
42715
44104
44148
44152
44176
44181
44203
2109
2957
3459
39277
44212
44255
6198
44282
1197
23299
3406
44334
44356
15902
44372
10452
11195
16910
29416
43418
43879
44298
44427
44429
44433
44436
44454
44457
44492
44495
44497
9757
19903
34502
24327
44537
44558
11186
12285
13749
13761
16155
19996
2206
30244
43792
44604
44605
44768
44986
45058
6090
12423
2179
3483
14737
19955
45158
14336
41261
45191
45193
31481
45215
5895
3498
15520
13937
20442
45268
45272
45306
45315
45320
45324
45329
5641
45331
24983
44294
45356
45357
45362
25137
44150
45074
37292
45420
23291
27426
31867
15116
23370
45489
45495
365
44556
45527
45533
7240
1019
15875
23302
44086
45580
15268
22885
45632
45639
45650
45651
10532
22835
35623
4433
45235
45714
45732
45789
45790
45901
35689
19979
10509
46167
14822
18585
3497
18448
46662
22858
2754
2956
46774
9698
19672
45378
46822
6146
19879
22769
633
46926
6879
44227
7216
47099
16841
18609
36060
43876
47209
47229
47286
47287
19898
40060
47429
31667
3413
31500
33841
45956
48068
48075
28351
48258
48261
48267
48386
20592
48521
22865
48559
4925
40676
48598
48615
48651
22878
22880
3595
48748
19850
26126
34261
48869
48981
30407
49109
12070
49117
49204
12950
49258
6566
10361
12679
14133
3014
49313
49318
49323
49333
45198
46088
45376
49492
12275
25886
35254
49497
49500
49532
49538
49583
49805
23199
49826
49839
49842
49843
49846
49848
49859
21998
30689
49894
12268
35646
39145
50017
50025
50035
50038
50044
50097
50098
20000
15643
31163
50149
50228
17331
50319
50324
46477
15697
42789
50368
23624
24373
21143
44009
50432
24240
3227
3238
36968
50512
50523
5644
6113
9145
9357
3009
50603
25139
2907
44180
50691
3463
45959
50695
50705
35677
40997
50818
42357
50862
14742
17518
2399
3475
8091
12674
23237
25708
33522
3419
46826
50964
50968
51001
51009
46823
51094
11682
22044
32692
34221
42584
51122
51126
51135
14624
15968
34210
37419
51174
16846
43935
51205
51214
51225
11552
42622
42708
43051
51241
51266
51274
51288
51289
51295
51301
51303
20003
51322
51341
28303
11437
16924
23209
23634
4026
42717
42721
51401
51422
43385
51440
35630
42233
51480
51481
23313
40204
14803
15992
40114
41610
47087
51539
12602
25746
51656
51671
16901
42794
51681
24629
4063
51709
51994
52007
23222
52079
9644
15129
17857
17966
49705
52194
52229
52253
19017
36354
52834
15000
17031
3944
42773
50448
52962
52966
13314
50493
52984
52992
53036
53042
53044
53055
53065
11069
53151
53167
13441
33320
44535
31172
53869
53983
53985
6930
44085
54017
1583
22862
36316
40798
45204
54097
54108
54145
54156
54204
54208
54215
54222
9615
26320
54272
43892
54315
11136
20584
22836
42679
54375
54420
54438
54442
54455
54476
54478
54491
26748
54638
54969
55015
55024
10222
1118
1028
14608
20002
55148
22823
23283
34287
55239
55251
55284
55285
30804
55293
55345
19673
34473
55377
55487
55495
8574
11283
16066
26072
44317
45197
45490
52972
55698
55741
55840
9141
53806
56193
16821
22732
18660
56501
2397
12302
40380
56603
56605
43488
56651
56662
21722
30243
44405
56911
56921
12264
57205
15689
57274
57281
57282
57286
2424
6130
4468
57547
57656
57677
57697
57700
57701
57729
11874
58514
32579
58692
51801
58784
58881
23489
50454
58924
58933
12764
50694
11187
37425
51810
59219
45137
59301
4060
59395
42886
59409
10870
42243
59498
59523
44386
59584
59635
7858
59684
44075
45570
59742
53948
54788
9721
31176
43994
59955
59963
59991
17640
60122
43544
16864
44388
5946
60267
60276
42740
60319
42705
60333
2773
60375
60563
60565
43958
52809
59745
60885
5175
12827
23162
35632
59104
61121
61138
61164
19683
41498
60913
28350
38720
45240
51824
61347
6938
61357
44322
61360
31650
54334
61461
61477
61488
22883
61505
21600
23301
31797
50206
61571
61636
24235
39681
60919
61793
37216
42704
10511
3691
61865
61866
54381
61981
18546
45078
62158
23592
49636
62367
45220
13199
33895
61876
63028
23303
24231
59899
63034
63060
3556
51120
63603
18457
23257
15702
16381
23232
32736
64263
64264
64274
60045
64995
11043
14718
65157
65160
65179
46967
65196
17052
1767
38342
50235
5479
61801
65228
65232
65366
9137
13709
14922
43409
61724
65424
65433
13197
12840
58950
65493
65497
15998
65532
17036
44082
51035
6077
65560
65575
6891
18591
2580
65780
2464
50494
65943
45581
66129
15615
17030
66531
66533
26676
66545
42603
45335
65699
66420
66421
66651
66655
66657
66669
6671
66741
66748
11912
12473
42241
66779
66801
66802
12287
66914
23718
61919
67298
49850
42735
12661
62202
68011
67961
59497
46960
9120
26079
45439
58642
68242
68274
68276
4308
47839
3424
8566
14667
17029
51933
17027
17016
19745
62756
12676
69438
49632
69544
69654
70030
51191
56022
70060
70077
70098
70122
70123
23271
43888
55237
61798
17045
57061
70286
70293
70299
53057
23215
53821
70629
70712
17033
40946
49717
58923
71254
71264
62528
31170
21728
71532
71612
18653
66678
42701
71750
66632
71798
71808
16861
22831
62570
17055
45088
67465
72163
61493
31164
72241
72318
69974
3947
65880
72474
46455
72566
72567
72568
56440
72904
36364
59725
73314
22758
36057
73624
73629
15614
59011
68000
73721
73728
73729
73885
74059
1077
74235
9658
74396
8690
74443
66787
49626
51665
67454
54889
51829
54845
74828
45251
74897
22117
51825
14211
68117
75094
33399
48281
10370
62676
72064
11969
76072
11351
2175
65692
62799
76290
10860
71704
76536
45105
45443
77410
23235
62819
77885
71391
44384
71746
71420
64747
681
78783
24322
40939
19931
79038
79044
69405
79211
57508
68469
62904
22116
35648
64271
70799
12768
76496
65041
79527
79541
79546
69948
75003
79847
50439
6173
28309
54002
80534
59958
42752
39273
69549
80633
20001
80702
80703
45395
69183
81171
51707
15594
50438
66075
81948
4304
45282
82326
3393
82376
44020
60235
83073
75001
69993
83144
55330
11378
45939
62684
83803
45411
84097
84522
84706
84908
2159
84959
14623
23722
50203
16896
48385
60242
85274
84864
77417
56830
70105
81192
86059
53814
86319
25718
30210
31638
86756
53813
21797
14583
87127
35122
12815
87834
7862
88038
1027
88099
16852
78230
887
86948
7244
10505
74044
58882
56859
67417
28356
65487
11547
72175
49609
69219
50516
69983
36917
10290
90534
68579
64757
48101
91087
68903
23272
42682
44021
68581
22824
91861
92196
77759
34289
51345
65410
92685
81530
42246
23648
16928
43877
69972
94029
58875
78923
82516
94144
62574
76085
71862
24463
25715
33870
50803
81961
85454
11698
34268
83211
36889
2103
7250
65655
74674
34478
70202
82299
35688
72168
18447
44389
74681
62666
73273
10858
14741
58497
53048
19649
82527
97519
64055
86378
53045
101029
6175
29298
66682
49107
37429
101546
51790
89299
102714
103140
84094
103292
69548
4537
73727
58921
14793
7242
61053
99749
59493
43596
98540
50519
61877
50401
76465
106561
79071
17024
12545
73933
66646
70533
